14 
17 
22 
32 
41 
48 
57 
62 
64 
67 
73 
74 
81 
82 
84 
85 
93 
94 
102 
104 
110 
113 
120 
130 
139 
148 
154 
160 
161 
165 
166 
190 
198 
202 
224 
225 
226 
242 
255 
258 
265 
278 
308 
317 
327 
328 
348 
349 
385 
402 
403 
423 
425 
430 
437 
448 
450 
452 
454 
458 
464 
472 
474 
483 
489 
491 
493 
505 
519 
522 
528 
534 
536 
545 
548 
550 
556 
558 
562 
564 
566 
573 
575 
582 
585 
610 
613 
623 
630 
650 
664 
665 
666 
668 
669 
670 
673 
675 
677 
679 
684 
689 
697 
715 
721 
725 
728 
730 
745 
751 
762 
764 
767 
774 
780 
782 
783 
784 
789 
805 
815 
819 
821 
825 
837 
848 
860 
1242 
1246 
1248 
1333 
1438 
1524 
1526 
1565 
1631 
1767 
1830 
1874 
1953 
1954 
1996 
2036 
2408 
2421 
2422 
2436 
2515 
2520 
2529 
2542 
2558 
2748 
3370 
3520 
3546 
3621 
3716 
3765 
4064 
4068 
4096 
4108 
4115 
4120 
4135 
4140 
4160 
4184 
4186 
4206 
4209 
4212 
4216 
4238 
4243 
4258 
4260 
4276 
4277 
4278 
4307 
4336 
4365 
4391 
4415 
4430 
4451 
4463 
4481 
4484 
4520 
4527 
4548 
4567 
4602 
4629 
4631 
4683 
4685 
4689 
4690 
4721 
4728 
4741 
4791 
4810 
5258 
5388 
7136 
