14 
22 
32 
48 
57 
64 
67 
73 
74 
81 
82 
84 
93 
94 
102 
104 
110 
113 
139 
148 
154 
161 
165 
190 
202 
226 
242 
255 
258 
265 
278 
308 
317 
327 
328 
348 
385 
430 
437 
448 
450 
454 
458 
464 
489 
491 
493 
505 
519 
522 
536 
545 
548 
550 
556 
562 
564 
566 
573 
575 
582 
585 
630 
650 
668 
669 
670 
673 
675 
677 
689 
715 
721 
725 
730 
751 
762 
764 
780 
782 
783 
789 
815 
819 
860 
1242 
1246 
1248 
1333 
1438 
1524 
1631 
1767 
1874 
1954 
1996 
2036 
2408 
2421 
2436 
2520 
2542 
2558 
3370 
3520 
3621 
3716 
4064 
4068 
4096 
4108 
4120 
4140 
4184 
4186 
4206 
4209 
4216 
4238 
4258 
4260 
4276 
4277 
4307 
4336 
4365 
4391 
4415 
4484 
4520 
4527 
4548 
4629 
4683 
4685 
4690 
4721 
4728 
4741 
4810 
