1 
8 
13 
14 
15 
16 
17 
18 
20 
22 
24 
26 
28 
29 
32 
36 
37 
38 
40 
41 
45 
48 
52 
54 
55 
57 
58 
59 
60 
62 
63 
64 
65 
67 
70 
71 
73 
74 
81 
82 
84 
85 
87 
93 
94 
96 
100 
102 
104 
105 
108 
110 
113 
116 
120 
121 
124 
129 
130 
131 
132 
133 
138 
139 
144 
146 
148 
152 
153 
154 
155 
156 
157 
160 
161 
165 
166 
168 
172 
173 
176 
177 
178 
179 
182 
185 
189 
190 
191 
193 
195 
196 
198 
202 
203 
208 
209 
216 
217 
222 
224 
225 
226 
227 
228 
231 
232 
233 
234 
236 
242 
245 
246 
248 
250 
252 
255 
258 
259 
263 
265 
271 
278 
280 
281 
282 
283 
284 
286 
289 
290 
291 
296 
297 
306 
307 
308 
309 
310 
312 
317 
318 
319 
320 
322 
325 
326 
327 
328 
330 
331 
333 
335 
336 
338 
339 
343 
345 
348 
349 
357 
362 
365 
366 
368 
370 
373 
374 
382 
383 
384 
385 
387 
388 
392 
393 
396 
397 
398 
401 
402 
403 
404 
406 
407 
411 
413 
417 
419 
421 
422 
423 
424 
425 
430 
432 
435 
436 
437 
438 
439 
440 
441 
443 
445 
446 
447 
448 
450 
452 
454 
456 
458 
463 
464 
465 
472 
473 
474 
478 
480 
481 
483 
485 
487 
489 
490 
491 
493 
496 
498 
502 
504 
505 
507 
510 
511 
512 
518 
519 
520 
521 
522 
524 
526 
528 
530 
531 
532 
534 
536 
544 
545 
546 
547 
548 
550 
556 
557 
558 
559 
561 
562 
563 
564 
566 
568 
569 
572 
573 
574 
575 
578 
579 
582 
585 
588 
589 
595 
598 
600 
602 
604 
606 
607 
610 
613 
614 
615 
616 
617 
618 
619 
622 
623 
624 
628 
630 
633 
634 
636 
637 
638 
639 
640 
642 
645 
650 
653 
655 
657 
658 
659 
660 
662 
664 
665 
666 
667 
668 
669 
670 
671 
673 
675 
677 
679 
682 
684 
687 
689 
692 
696 
697 
704 
708 
710 
713 
714 
715 
716 
719 
720 
721 
723 
724 
725 
727 
728 
730 
731 
732 
735 
737 
739 
740 
744 
745 
747 
751 
753 
759 
761 
762 
764 
767 
768 
770 
771 
774 
776 
778 
779 
780 
782 
783 
784 
785 
789 
793 
795 
796 
797 
798 
799 
802 
805 
808 
811 
813 
814 
815 
817 
819 
821 
825 
829 
831 
835 
836 
837 
839 
842 
843 
844 
848 
855 
859 
860 
883 
1034 
1120 
1174 
1239 
1240 
1242 
1246 
1248 
1252 
1259 
1312 
1333 
1358 
1363 
1396 
1397 
1438 
1471 
1472 
1501 
1524 
1526 
1532 
1542 
1559 
1562 
1565 
1587 
1589 
1614 
1631 
1636 
1665 
1671 
1672 
1693 
1696 
1716 
1729 
1732 
1746 
1756 
1760 
1767 
1776 
1786 
1794 
1812 
1827 
1830 
1874 
1879 
1911 
1953 
1954 
1973 
1988 
1989 
1996 
2004 
2016 
2032 
2036 
2044 
2058 
2408 
2410 
2420 
2421 
2422 
2432 
2435 
2436 
2446 
2464 
2469 
2496 
2515 
2520 
2529 
2542 
2558 
2581 
2597 
2598 
2642 
2726 
2735 
2742 
2748 
2770 
2953 
3058 
3253 
3261 
3344 
3362 
3363 
3368 
3370 
3371 
3451 
3516 
3520 
3545 
3546 
3555 
3582 
3614 
3619 
3621 
3680 
3688 
3715 
3716 
3732 
3753 
3758 
3765 
3776 
3782 
4061 
4063 
4064 
4068 
4076 
4084 
4096 
4104 
4105 
4107 
4108 
4111 
4115 
4120 
4132 
4133 
4135 
4136 
4140 
4145 
4151 
4160 
4164 
4167 
4180 
4184 
4186 
4187 
4192 
4195 
4198 
4199 
4201 
4206 
4208 
4209 
4211 
4212 
4215 
4216 
4225 
4235 
4237 
4238 
4243 
4250 
4258 
4260 
4261 
4263 
4275 
4276 
4277 
4278 
4279 
4286 
4288 
4292 
4301 
4306 
4307 
4317 
4323 
4330 
4333 
4336 
4344 
4355 
4362 
4365 
4387 
4389 
4391 
4393 
4406 
4410 
4412 
4415 
4417 
4423 
4425 
4426 
4430 
4431 
4432 
4438 
4445 
4448 
4451 
4453 
4461 
4462 
4463 
4464 
4472 
4481 
4484 
4487 
4488 
4490 
4492 
4493 
4495 
4499 
4501 
4502 
4509 
4512 
4513 
4515 
4520 
4526 
4527 
4528 
4532 
4537 
4538 
4548 
4551 
4553 
4555 
4556 
4567 
4577 
4583 
4590 
4597 
4602 
4618 
4624 
4625 
4627 
4629 
4631 
4656 
4664 
4667 
4679 
4683 
4684 
4685 
4689 
4690 
4694 
4707 
4721 
4728 
4733 
4740 
4741 
4751 
4767 
4768 
4791 
4796 
4800 
4802 
4805 
4810 
4811 
4812 
4815 
5251 
5254 
5258 
5259 
5339 
5388 
5398 
7136 
7140 
