1 
8 
14 
15 
17 
18 
20 
22 
24 
32 
41 
45 
48 
54 
55 
57 
58 
62 
63 
64 
67 
71 
73 
74 
81 
82 
84 
85 
93 
94 
96 
100 
102 
104 
108 
110 
113 
120 
121 
124 
130 
132 
133 
139 
144 
146 
148 
153 
154 
155 
157 
160 
161 
165 
166 
168 
172 
176 
177 
182 
189 
190 
193 
196 
198 
202 
217 
222 
224 
225 
226 
227 
228 
231 
233 
234 
242 
245 
252 
255 
258 
259 
263 
265 
271 
278 
281 
282 
284 
286 
290 
296 
297 
306 
307 
308 
309 
317 
319 
320 
325 
327 
328 
330 
336 
343 
345 
348 
349 
357 
362 
370 
373 
374 
382 
384 
385 
387 
392 
401 
402 
403 
406 
411 
417 
419 
422 
423 
424 
425 
430 
437 
439 
443 
445 
447 
448 
450 
452 
454 
456 
458 
463 
464 
465 
472 
474 
478 
480 
481 
483 
487 
489 
490 
491 
493 
504 
505 
507 
510 
511 
512 
518 
519 
520 
522 
526 
528 
530 
534 
536 
545 
546 
548 
550 
556 
557 
558 
559 
561 
562 
564 
566 
569 
573 
574 
575 
579 
582 
585 
588 
595 
598 
600 
602 
604 
606 
610 
613 
614 
615 
618 
619 
623 
628 
630 
636 
637 
638 
640 
650 
653 
659 
660 
662 
664 
665 
666 
668 
669 
670 
673 
675 
677 
679 
684 
689 
692 
697 
704 
708 
714 
715 
716 
720 
721 
723 
724 
725 
727 
728 
730 
737 
740 
744 
745 
747 
751 
759 
761 
762 
764 
767 
770 
771 
774 
776 
778 
779 
780 
782 
783 
784 
785 
789 
796 
802 
805 
811 
813 
815 
817 
819 
821 
825 
829 
831 
836 
837 
842 
843 
848 
859 
860 
883 
1120 
1174 
1239 
1240 
1242 
1246 
1248 
1259 
1333 
1358 
1363 
1397 
1438 
1472 
1501 
1524 
1526 
1542 
1559 
1565 
1587 
1614 
1631 
1665 
1672 
1693 
1696 
1729 
1732 
1746 
1756 
1760 
1767 
1794 
1812 
1827 
1830 
1874 
1879 
1911 
1953 
1954 
1988 
1989 
1996 
2004 
2032 
2036 
2044 
2058 
2408 
2410 
2420 
2421 
2422 
2435 
2436 
2464 
2469 
2515 
2520 
2529 
2542 
2558 
2642 
2726 
2735 
2748 
2770 
2953 
3261 
3344 
3368 
3370 
3520 
3546 
3582 
3621 
3716 
3765 
4061 
4063 
4064 
4068 
4076 
4096 
4104 
4105 
4107 
4108 
4115 
4120 
4132 
4133 
4135 
4140 
4145 
4151 
4160 
4164 
4184 
4186 
4187 
4199 
4201 
4206 
4208 
4209 
4212 
4215 
4216 
4225 
4235 
4237 
4238 
4243 
4250 
4258 
4260 
4261 
4263 
4275 
4276 
4277 
4278 
4288 
4292 
4301 
4306 
4307 
4317 
4323 
4333 
4336 
4344 
4362 
4365 
4389 
4391 
4393 
4412 
4415 
4417 
4423 
4426 
4430 
4431 
4432 
4438 
4448 
4451 
4453 
4462 
4463 
4481 
4484 
4488 
4490 
4493 
4495 
4499 
4501 
4502 
4512 
4515 
4520 
4526 
4527 
4528 
4532 
4548 
4555 
4556 
4567 
4583 
4590 
4597 
4602 
4618 
4627 
4629 
4631 
4656 
4667 
4679 
4683 
4684 
4685 
4689 
4690 
4694 
4707 
4721 
4728 
4741 
4791 
4800 
4802 
4810 
4812 
4815 
5254 
5258 
5388 
5398 
7136 
