8 
14 
15 
17 
22 
24 
32 
41 
45 
48 
54 
55 
57 
58 
62 
63 
64 
67 
73 
74 
81 
82 
84 
85 
93 
94 
102 
104 
108 
110 
113 
120 
124 
130 
132 
139 
148 
153 
154 
160 
161 
165 
166 
177 
182 
190 
193 
198 
202 
224 
225 
226 
227 
231 
234 
242 
252 
255 
258 
265 
278 
282 
286 
290 
297 
308 
317 
320 
327 
328 
336 
348 
349 
373 
374 
384 
385 
401 
402 
403 
406 
417 
419 
422 
423 
424 
425 
430 
437 
447 
448 
450 
452 
454 
458 
464 
472 
474 
480 
481 
483 
487 
489 
490 
491 
493 
505 
507 
510 
511 
518 
519 
522 
526 
528 
530 
534 
536 
545 
548 
550 
556 
558 
562 
564 
566 
569 
573 
574 
575 
582 
585 
598 
600 
602 
606 
610 
613 
614 
618 
619 
623 
630 
636 
637 
650 
653 
664 
665 
666 
668 
669 
670 
673 
675 
677 
679 
684 
689 
692 
697 
708 
714 
715 
721 
723 
724 
725 
727 
728 
730 
745 
747 
751 
759 
762 
764 
767 
770 
771 
774 
778 
780 
782 
783 
784 
789 
796 
805 
811 
813 
815 
817 
819 
821 
825 
831 
836 
837 
842 
843 
848 
859 
860 
1242 
1246 
1248 
1259 
1333 
1363 
1438 
1501 
1524 
1526 
1565 
1587 
1614 
1631 
1665 
1672 
1696 
1729 
1732 
1756 
1760 
1767 
1812 
1830 
1874 
1879 
1911 
1953 
1954 
1988 
1989 
1996 
2036 
2058 
2408 
2410 
2421 
2422 
2436 
2515 
2520 
2529 
2542 
2558 
2735 
2748 
2770 
3368 
3370 
3520 
3546 
3582 
3621 
3716 
3765 
4061 
4063 
4064 
4068 
4096 
4104 
4105 
4107 
4108 
4115 
4120 
4135 
4140 
4151 
4160 
4184 
4186 
4187 
4199 
4206 
4209 
4212 
4216 
4225 
4235 
4237 
4238 
4243 
4258 
4260 
4263 
4276 
4277 
4278 
4292 
4307 
4317 
4336 
4344 
4362 
4365 
4389 
4391 
4412 
4415 
4423 
4430 
4431 
4432 
4451 
4453 
4462 
4463 
4481 
4484 
4488 
4490 
4493 
4499 
4501 
4520 
4526 
4527 
4532 
4548 
4556 
4567 
4597 
4602 
4618 
4629 
4631 
4679 
4683 
4684 
4685 
4689 
4690 
4694 
4721 
4728 
4741 
4791 
4800 
4802 
4810 
4815 
5254 
5258 
5388 
5398 
7136 
