2 
11 
12 
20 
22 
27 
28 
32 
37 
46 
47 
52 
59 
70 
77 
81 
82 
84 
90 
93 
95 
97 
98 
104 
106 
108 
110 
114 
118 
121 
122 
123 
125 
127 
129 
135 
136 
139 
140 
141 
150 
158 
160 
164 
166 
167 
172 
173 
177 
179 
181 
190 
195 
199 
202 
204 
206 
208 
212 
214 
221 
222 
234 
236 
237 
239 
241 
242 
248 
254 
264 
266 
268 
269 
277 
282 
298 
299 
301 
309 
313 
317 
318 
323 
324 
325 
326 
331 
341 
344 
348 
350 
354 
357 
358 
368 
369 
370 
374 
377 
380 
382 
384 
389 
390 
392 
399 
410 
413 
415 
420 
424 
427 
441 
442 
446 
449 
457 
459 
468 
472 
475 
480 
486 
494 
499 
500 
503 
508 
515 
517 
518 
525 
528 
529 
537 
545 
552 
554 
557 
565 
573 
575 
581 
588 
589 
592 
593 
597 
599 
603 
605 
613 
615 
620 
633 
636 
639 
640 
641 
648 
652 
655 
657 
658 
659 
661 
662 
665 
666 
667 
669 
674 
681 
683 
685 
689 
697 
702 
703 
704 
705 
706 
709 
711 
718 
724 
729 
730 
734 
738 
742 
748 
752 
754 
757 
759 
761 
762 
765 
773 
781 
785 
787 
795 
802 
803 
810 
814 
816 
818 
820 
826 
828 
830 
832 
833 
837 
840 
843 
850 
851 
854 
855 
857 
879 
887 
900 
901 
907 
914 
915 
917 
919 
926 
933 
936 
939 
942 
946 
947 
948 
953 
957 
958 
969 
971 
972 
973 
975 
984 
986 
987 
988 
991 
992 
994 
995 
998 
999 
1000 
1001 
1002 
1003 
1007 
1017 
1018 
1019 
1023 
1025 
1030 
1031 
1041 
1045 
1048 
1049 
1052 
1056 
1071 
1075 
1079 
1081 
1088 
1094 
1098 
1101 
1107 
1113 
1116 
1126 
1127 
1129 
1132 
1135 
1140 
1142 
1152 
1157 
1159 
1162 
1165 
1167 
1168 
1173 
1176 
1178 
1189 
1201 
1204 
1206 
1218 
1219 
1220 
1227 
1230 
1232 
1237 
1243 
1252 
1261 
1269 
1289 
1292 
1295 
1296 
1297 
1303 
1315 
1320 
1325 
1326 
1330 
1332 
1335 
1339 
1341 
1343 
1344 
1350 
1353 
1358 
1363 
1364 
1365 
1368 
1373 
1381 
1385 
1391 
1402 
1405 
1407 
1411 
1415 
1421 
1427 
1428 
1430 
1433 
1437 
1453 
1455 
1458 
1463 
1464 
1469 
1470 
1471 
1473 
1474 
1479 
1480 
1489 
1492 
1495 
