2 
11 
27 
32 
37 
46 
47 
52 
59 
82 
84 
95 
97 
104 
106 
110 
118 
121 
123 
125 
127 
135 
136 
140 
141 
150 
158 
166 
167 
172 
173 
177 
179 
181 
202 
206 
208 
212 
214 
222 
236 
237 
239 
241 
242 
264 
268 
277 
299 
301 
313 
323 
325 
341 
344 
348 
357 
358 
368 
370 
374 
380 
382 
390 
392 
399 
410 
413 
415 
424 
427 
442 
457 
459 
468 
472 
475 
486 
494 
508 
528 
529 
552 
554 
557 
575 
581 
589 
593 
597 
599 
605 
615 
620 
633 
639 
640 
641 
657 
662 
665 
666 
669 
674 
681 
683 
685 
689 
697 
702 
703 
704 
705 
709 
711 
718 
724 
730 
738 
761 
762 
765 
773 
781 
785 
810 
820 
826 
828 
832 
833 
850 
851 
855 
879 
887 
900 
901 
914 
917 
926 
936 
942 
946 
948 
953 
958 
969 
975 
987 
991 
994 
995 
999 
1000 
1001 
1002 
1017 
1018 
1023 
1025 
1031 
1048 
1052 
1056 
1075 
1094 
1107 
1113 
1116 
1126 
1135 
1140 
1142 
1152 
1157 
1159 
1162 
1165 
1167 
1173 
1176 
1204 
1206 
1219 
1220 
1227 
1230 
1232 
1237 
1243 
1289 
1292 
1295 
1297 
1303 
1320 
1330 
1332 
1335 
1343 
1344 
1350 
1358 
1363 
1368 
1373 
1381 
1385 
1391 
1402 
1411 
1421 
1428 
1430 
1433 
1453 
1463 
1464 
1469 
1470 
1471 
1474 
1480 
1495 
