2 
11 
12 
20 
27 
28 
32 
37 
46 
47 
52 
59 
70 
77 
81 
82 
84 
90 
93 
95 
97 
104 
106 
108 
110 
118 
121 
123 
125 
127 
129 
135 
136 
139 
140 
141 
150 
158 
164 
166 
167 
172 
173 
177 
179 
181 
190 
202 
206 
208 
212 
214 
222 
234 
236 
237 
239 
241 
242 
248 
264 
268 
269 
277 
298 
299 
301 
313 
323 
324 
325 
326 
331 
341 
344 
348 
354 
357 
358 
368 
370 
374 
380 
382 
384 
390 
392 
399 
410 
413 
415 
424 
427 
442 
457 
459 
468 
472 
475 
486 
494 
499 
503 
508 
515 
518 
528 
529 
537 
552 
554 
557 
565 
573 
575 
581 
589 
593 
597 
599 
605 
613 
615 
620 
633 
636 
639 
640 
641 
648 
652 
657 
658 
661 
662 
665 
666 
667 
669 
674 
681 
683 
685 
689 
697 
702 
703 
704 
705 
709 
711 
718 
724 
729 
730 
738 
742 
757 
761 
762 
765 
773 
781 
785 
795 
803 
810 
814 
816 
818 
820 
826 
828 
830 
832 
833 
837 
850 
851 
855 
879 
887 
900 
901 
907 
914 
917 
919 
926 
936 
939 
942 
946 
948 
953 
957 
958 
969 
971 
975 
984 
987 
991 
994 
995 
998 
999 
1000 
1001 
1002 
1007 
1017 
1018 
1023 
1025 
1031 
1048 
1049 
1052 
1056 
1071 
1075 
1094 
1101 
1107 
1113 
1116 
1126 
1127 
1129 
1132 
1135 
1140 
1142 
1152 
1157 
1159 
1162 
1165 
1167 
1173 
1176 
1178 
1204 
1206 
1219 
1220 
1227 
1230 
1232 
1237 
1243 
1252 
1261 
1269 
1289 
1292 
1295 
1296 
1297 
1303 
1315 
1320 
1325 
1326 
1330 
1332 
1335 
1343 
1344 
1350 
1353 
1358 
1363 
1365 
1368 
1373 
1381 
1385 
1391 
1402 
1407 
1411 
1415 
1421 
1428 
1430 
1433 
1453 
1463 
1464 
1469 
1470 
1471 
1473 
1474 
1480 
1489 
1492 
1495 
