2 
11 
27 
37 
46 
52 
59 
84 
97 
106 
110 
118 
121 
123 
125 
127 
135 
136 
141 
150 
166 
172 
173 
179 
181 
202 
208 
214 
222 
236 
241 
268 
301 
313 
323 
325 
348 
357 
358 
368 
380 
390 
392 
399 
410 
442 
459 
472 
475 
486 
494 
508 
528 
529 
552 
554 
557 
589 
597 
599 
605 
615 
620 
633 
640 
657 
674 
681 
683 
685 
689 
704 
709 
711 
718 
730 
738 
761 
762 
781 
785 
810 
820 
826 
828 
832 
833 
850 
851 
855 
879 
887 
901 
914 
917 
926 
936 
942 
946 
948 
975 
991 
994 
995 
999 
1017 
1023 
1025 
1031 
1048 
1052 
1056 
1075 
1107 
1113 
1116 
1126 
1152 
1157 
1159 
1162 
1165 
1173 
1176 
1220 
1230 
1237 
1289 
1292 
1320 
1332 
1335 
1343 
1344 
1350 
1358 
1363 
1368 
1373 
1385 
1402 
1428 
1430 
1433 
1453 
1464 
1469 
1470 
1471 
1495 
