2 
10 
11 
12 
20 
22 
27 
28 
32 
37 
46 
47 
48 
52 
59 
70 
76 
77 
81 
82 
84 
86 
90 
93 
95 
97 
98 
104 
105 
106 
108 
110 
114 
118 
121 
122 
123 
125 
127 
129 
135 
136 
139 
140 
141 
142 
150 
158 
160 
164 
166 
167 
169 
172 
173 
177 
179 
181 
184 
190 
195 
197 
199 
202 
204 
206 
208 
209 
211 
212 
214 
221 
222 
232 
234 
236 
237 
239 
241 
242 
243 
248 
254 
264 
266 
268 
269 
277 
282 
298 
299 
301 
309 
313 
317 
318 
321 
323 
324 
325 
326 
328 
331 
335 
341 
344 
348 
350 
354 
357 
358 
368 
369 
370 
374 
377 
380 
382 
384 
389 
390 
392 
393 
394 
399 
409 
410 
413 
414 
415 
420 
421 
424 
427 
429 
432 
433 
441 
442 
446 
449 
451 
457 
459 
466 
468 
470 
472 
475 
477 
480 
486 
494 
496 
499 
500 
503 
508 
515 
517 
518 
525 
528 
529 
537 
545 
549 
551 
552 
554 
557 
563 
564 
565 
570 
573 
575 
581 
588 
589 
592 
593 
597 
599 
603 
605 
613 
615 
620 
630 
633 
636 
639 
640 
641 
645 
648 
649 
652 
655 
657 
658 
659 
661 
662 
663 
665 
666 
667 
669 
674 
676 
677 
681 
682 
683 
685 
688 
689 
697 
702 
703 
704 
705 
706 
708 
709 
711 
718 
724 
729 
730 
734 
738 
742 
748 
749 
752 
754 
757 
759 
761 
762 
765 
767 
773 
780 
781 
785 
787 
795 
802 
803 
810 
814 
816 
818 
820 
826 
828 
830 
832 
833 
837 
840 
843 
848 
850 
851 
854 
855 
857 
863 
875 
879 
887 
892 
900 
901 
907 
914 
915 
917 
919 
926 
933 
936 
939 
942 
945 
946 
947 
948 
953 
957 
958 
962 
967 
969 
971 
972 
973 
975 
984 
986 
987 
988 
991 
992 
994 
995 
997 
998 
999 
1000 
1001 
1002 
1003 
1007 
1017 
1018 
1019 
1023 
1025 
1030 
1031 
1033 
1041 
1045 
1048 
1049 
1052 
1056 
1071 
1072 
1075 
1079 
1081 
1088 
1094 
1098 
1100 
1101 
1107 
1110 
1113 
1116 
1123 
1126 
1127 
1129 
1132 
1135 
1140 
1142 
1152 
1157 
1159 
1162 
1165 
1167 
1168 
1173 
1176 
1178 
1189 
1193 
1197 
1201 
1204 
1206 
1213 
1218 
1219 
1220 
1227 
1230 
1232 
1234 
1237 
1243 
1244 
1252 
1254 
1258 
1261 
1269 
1278 
1289 
1292 
1295 
1296 
1297 
1303 
1315 
1320 
1325 
1326 
1330 
1332 
1335 
1339 
1341 
1343 
1344 
1350 
1353 
1358 
1363 
1364 
1365 
1368 
1373 
1379 
1381 
1385 
1386 
1389 
1391 
1402 
1405 
1407 
1411 
1415 
1421 
1427 
1428 
1430 
1433 
1434 
1437 
1442 
1453 
1454 
1455 
1458 
1463 
1464 
1467 
1469 
1470 
1471 
1473 
1474 
1479 
1480 
1487 
1489 
1492 
1495 
