0 
2 
3 
4 
5 
6 
8 
9 
11 
12 
13 
14 
16 
17 
18 
19 
23 
27 
29 
30 
31 
33 
34 
35 
38 
39 
40 
41 
42 
45 
46 
47 
49 
50 
52 
54 
56 
57 
58 
59 
60 
61 
62 
65 
66 
67 
68 
69 
72 
73 
74 
76 
78 
80 
81 
82 
84 
85 
88 
89 
90 
91 
92 
94 
95 
97 
98 
99 
101 
102 
103 
104 
106 
107 
108 
110 
111 
114 
116 
117 
118 
119 
120 
121 
122 
124 
125 
128 
132 
133 
134 
135 
139 
142 
146 
147 
148 
153 
154 
156 
157 
159 
160 
161 
162 
165 
168 
172 
173 
175 
177 
178 
179 
180 
181 
184 
185 
186 
187 
189 
191 
192 
194 
195 
197 
200 
201 
202 
203 
204 
205 
207 
214 
216 
217 
218 
220 
221 
223 
224 
225 
226 
227 
228 
232 
233 
236 
237 
238 
239 
241 
242 
244 
245 
246 
247 
248 
250 
254 
255 
257 
258 
259 
260 
261 
262 
265 
267 
268 
272 
273 
274 
276 
277 
280 
281 
283 
284 
285 
286 
289 
291 
292 
293 
294 
298 
299 
301 
304 
305 
306 
307 
309 
310 
311 
312 
314 
318 
320 
323 
329 
331 
333 
334 
335 
339 
340 
341 
343 
344 
345 
346 
347 
349 
350 
352 
353 
354 
355 
358 
359 
360 
361 
363 
364 
366 
368 
370 
371 
372 
373 
374 
375 
377 
378 
379 
382 
383 
385 
386 
388 
389 
390 
392 
394 
395 
396 
399 
400 
402 
403 
404 
408 
411 
412 
414 
415 
419 
421 
422 
426 
427 
428 
429 
430 
432 
433 
434 
435 
436 
437 
439 
442 
443 
445 
446 
447 
448 
449 
452 
453 
455 
457 
459 
463 
464 
467 
472 
473 
474 
479 
480 
481 
482 
483 
484 
486 
487 
488 
491 
493 
494 
495 
496 
498 
501 
502 
504 
506 
507 
509 
510 
511 
512 
516 
517 
518 
519 
521 
522 
523 
525 
527 
528 
529 
530 
531 
535 
537 
538 
541 
543 
544 
546 
549 
550 
551 
552 
553 
554 
555 
558 
559 
560 
563 
567 
570 
571 
573 
574 
576 
577 
578 
579 
581 
582 
584 
587 
589 
590 
592 
593 
594 
597 
598 
599 
600 
602 
604 
605 
607 
608 
612 
613 
614 
619 
622 
623 
625 
629 
631 
632 
635 
636 
638 
639 
640 
641 
644 
645 
647 
649 
650 
651 
658 
659 
661 
663 
664 
667 
669 
671 
672 
673 
674 
675 
676 
677 
679 
680 
682 
683 
684 
686 
688 
691 
692 
697 
698 
699 
700 
701 
702 
704 
705 
708 
709 
710 
711 
713 
716 
719 
720 
721 
724 
725 
726 
727 
730 
731 
733 
734 
735 
736 
737 
741 
742 
743 
745 
746 
747 
748 
750 
754 
756 
757 
759 
761 
762 
763 
764 
765 
766 
767 
768 
769 
770 
772 
773 
779 
780 
781 
782 
783 
784 
785 
786 
787 
788 
789 
790 
791 
794 
795 
796 
797 
798 
801 
803 
804 
805 
806 
807 
808 
809 
810 
815 
816 
817 
819 
822 
823 
824 
825 
826 
827 
828 
830 
831 
832 
833 
835 
836 
837 
839 
840 
841 
843 
844 
851 
853 
855 
857 
858 
860 
861 
862 
863 
869 
872 
874 
875 
877 
878 
879 
880 
881 
882 
884 
886 
888 
890 
891 
893 
898 
902 
904 
906 
908 
909 
910 
911 
913 
916 
919 
920 
921 
922 
923 
925 
926 
927 
931 
932 
934 
935 
936 
940 
941 
942 
943 
944 
946 
947 
949 
950 
952 
955 
957 
958 
959 
961 
962 
965 
967 
969 
971 
973 
976 
977 
980 
981 
982 
986 
987 
988 
990 
991 
993 
994 
996 
997 
999 
1000 
1002 
1003 
1004 
1006 
1008 
1009 
1010 
1011 
1012 
1017 
1019 
1022 
1023 
1025 
1027 
1028 
1031 
1033 
1034 
1037 
