2 
3 
5 
6 
8 
13 
17 
27 
34 
35 
41 
49 
56 
59 
60 
65 
72 
73 
78 
80 
81 
84 
85 
90 
94 
99 
101 
104 
108 
111 
117 
119 
120 
125 
133 
135 
142 
148 
154 
156 
159 
165 
175 
177 
180 
181 
186 
189 
191 
194 
195 
200 
201 
202 
207 
223 
228 
236 
238 
241 
242 
244 
248 
258 
259 
262 
267 
281 
301 
309 
310 
311 
314 
329 
331 
339 
341 
345 
347 
349 
358 
364 
366 
374 
382 
386 
390 
403 
414 
415 
419 
429 
430 
432 
434 
437 
447 
452 
453 
464 
474 
480 
494 
502 
507 
509 
512 
516 
525 
537 
553 
560 
574 
577 
584 
589 
590 
593 
598 
602 
604 
612 
614 
619 
622 
623 
632 
635 
636 
641 
645 
650 
658 
669 
671 
674 
675 
677 
679 
683 
688 
692 
702 
711 
716 
719 
724 
727 
736 
741 
742 
743 
747 
756 
761 
765 
767 
769 
779 
781 
786 
788 
808 
810 
822 
824 
831 
832 
835 
836 
844 
855 
861 
874 
875 
881 
893 
904 
906 
916 
920 
922 
931 
932 
936 
940 
950 
955 
961 
962 
967 
971 
980 
993 
996 
1000 
1002 
1003 
1006 
1008 
1009 
1012 
1017 
1022 
1023 
1028 
1033 
1034 
