0 
1 
2 
3 
4 
5 
6 
8 
9 
11 
12 
13 
14 
16 
17 
18 
19 
21 
23 
24 
27 
28 
29 
30 
31 
32 
33 
34 
35 
36 
37 
38 
39 
40 
41 
42 
44 
45 
46 
47 
48 
49 
50 
51 
52 
53 
54 
55 
56 
57 
58 
59 
60 
61 
62 
63 
65 
66 
67 
68 
69 
70 
72 
73 
74 
76 
78 
79 
80 
81 
82 
83 
84 
85 
88 
89 
90 
91 
92 
93 
94 
95 
97 
98 
99 
100 
101 
102 
103 
104 
105 
106 
107 
108 
109 
110 
111 
112 
113 
114 
115 
116 
117 
118 
119 
120 
121 
122 
123 
124 
125 
127 
128 
131 
132 
133 
134 
135 
136 
138 
139 
142 
143 
145 
146 
147 
148 
150 
153 
154 
156 
157 
158 
159 
160 
161 
162 
163 
164 
165 
167 
168 
169 
171 
172 
173 
174 
175 
177 
178 
179 
180 
181 
182 
184 
185 
186 
187 
188 
189 
191 
192 
194 
195 
197 
200 
201 
202 
203 
204 
205 
206 
207 
208 
211 
213 
214 
216 
217 
218 
219 
220 
221 
222 
223 
224 
225 
226 
227 
228 
229 
230 
232 
233 
234 
236 
237 
238 
239 
240 
241 
242 
244 
245 
246 
247 
248 
249 
250 
251 
254 
255 
256 
257 
258 
259 
260 
261 
262 
265 
267 
268 
270 
271 
272 
273 
274 
275 
276 
277 
280 
281 
283 
284 
285 
286 
287 
289 
290 
291 
292 
293 
294 
295 
296 
298 
299 
300 
301 
303 
304 
305 
306 
307 
308 
309 
310 
311 
312 
314 
315 
318 
320 
322 
323 
324 
325 
326 
328 
329 
330 
331 
333 
334 
335 
337 
339 
340 
341 
342 
343 
344 
345 
346 
347 
349 
350 
351 
352 
353 
354 
355 
358 
359 
360 
361 
362 
363 
364 
365 
366 
368 
370 
371 
372 
373 
374 
375 
376 
377 
378 
379 
380 
382 
383 
384 
385 
386 
388 
389 
390 
391 
392 
394 
395 
396 
397 
399 
400 
402 
403 
404 
406 
407 
408 
409 
410 
411 
412 
413 
414 
415 
417 
419 
420 
421 
422 
423 
424 
425 
426 
427 
428 
429 
430 
432 
433 
434 
435 
436 
437 
438 
439 
440 
441 
442 
443 
444 
445 
446 
447 
448 
449 
451 
452 
453 
455 
457 
458 
459 
460 
462 
463 
464 
465 
467 
472 
473 
474 
475 
477 
479 
480 
481 
482 
483 
484 
486 
487 
488 
490 
491 
493 
494 
495 
496 
498 
499 
500 
501 
502 
504 
506 
507 
509 
510 
511 
512 
516 
517 
518 
519 
520 
521 
522 
523 
524 
525 
526 
527 
528 
529 
530 
531 
533 
535 
537 
538 
539 
540 
541 
543 
544 
545 
546 
547 
549 
550 
551 
552 
553 
554 
555 
556 
557 
558 
559 
560 
563 
565 
567 
570 
571 
573 
574 
575 
576 
577 
578 
579 
581 
582 
583 
584 
585 
587 
589 
590 
591 
592 
593 
594 
596 
597 
598 
599 
600 
601 
602 
603 
604 
605 
607 
608 
610 
611 
612 
613 
614 
617 
618 
619 
620 
622 
623 
624 
625 
629 
631 
632 
634 
635 
636 
637 
638 
639 
640 
641 
642 
643 
644 
645 
647 
649 
650 
651 
652 
654 
656 
657 
658 
659 
661 
662 
663 
664 
666 
667 
669 
670 
671 
672 
673 
674 
675 
676 
677 
678 
679 
680 
681 
682 
683 
684 
685 
686 
687 
688 
689 
690 
691 
692 
697 
698 
699 
700 
701 
702 
703 
704 
705 
708 
709 
710 
711 
713 
716 
718 
719 
720 
721 
722 
723 
724 
725 
726 
727 
730 
731 
733 
734 
735 
736 
737 
739 
740 
741 
742 
743 
744 
745 
746 
747 
748 
750 
754 
755 
756 
757 
758 
759 
760 
761 
762 
763 
764 
765 
766 
767 
768 
769 
770 
772 
773 
776 
779 
780 
781 
782 
783 
784 
785 
786 
787 
788 
789 
790 
791 
794 
795 
796 
797 
798 
799 
800 
801 
802 
803 
804 
805 
806 
807 
808 
809 
810 
812 
814 
815 
816 
817 
818 
819 
822 
823 
824 
825 
826 
827 
828 
830 
831 
832 
833 
834 
835 
836 
837 
838 
839 
840 
841 
842 
843 
844 
846 
848 
851 
853 
855 
856 
857 
858 
859 
860 
861 
862 
863 
867 
868 
869 
870 
872 
873 
874 
875 
876 
877 
878 
879 
880 
881 
882 
884 
885 
886 
888 
890 
891 
893 
894 
895 
897 
898 
899 
900 
902 
904 
906 
908 
909 
910 
911 
912 
913 
915 
916 
918 
919 
920 
921 
922 
923 
924 
925 
926 
927 
929 
931 
932 
934 
935 
936 
937 
938 
939 
940 
941 
942 
943 
944 
945 
946 
947 
949 
950 
951 
952 
953 
954 
955 
956 
957 
958 
959 
961 
962 
963 
965 
966 
967 
969 
970 
971 
973 
974 
976 
977 
979 
980 
981 
982 
986 
987 
988 
990 
991 
993 
994 
996 
997 
998 
999 
1000 
1002 
1003 
1004 
1006 
1008 
1009 
1010 
1011 
1012 
1015 
1017 
1018 
1019 
1022 
1023 
1024 
1025 
1026 
1027 
1028 
1029 
1030 
1031 
1033 
1034 
1035 
1037 
1039 
1040 
