0 
2 
3 
5 
6 
8 
12 
13 
16 
17 
19 
23 
27 
33 
34 
35 
40 
41 
46 
47 
49 
50 
56 
57 
58 
59 
60 
61 
65 
66 
68 
69 
72 
73 
74 
76 
78 
80 
81 
84 
85 
89 
90 
92 
94 
99 
101 
104 
106 
107 
108 
110 
111 
114 
117 
118 
119 
120 
121 
125 
132 
133 
134 
135 
139 
142 
146 
148 
154 
156 
159 
160 
161 
165 
175 
177 
178 
180 
181 
185 
186 
187 
189 
191 
192 
194 
195 
200 
201 
202 
205 
207 
216 
218 
220 
223 
224 
228 
233 
236 
238 
239 
241 
242 
244 
245 
246 
247 
248 
250 
254 
255 
257 
258 
259 
262 
265 
267 
268 
274 
276 
277 
280 
281 
286 
289 
291 
293 
294 
298 
301 
304 
306 
307 
309 
310 
311 
314 
318 
320 
323 
329 
331 
335 
339 
340 
341 
345 
347 
349 
350 
354 
355 
358 
364 
366 
368 
370 
372 
374 
382 
383 
386 
388 
389 
390 
395 
403 
404 
408 
414 
415 
419 
422 
428 
429 
430 
432 
433 
434 
436 
437 
439 
443 
446 
447 
452 
453 
455 
457 
463 
464 
472 
474 
479 
480 
481 
483 
486 
493 
494 
495 
496 
502 
507 
509 
512 
516 
521 
523 
525 
528 
530 
531 
535 
537 
543 
550 
551 
552 
553 
554 
555 
559 
560 
574 
576 
577 
581 
582 
584 
589 
590 
592 
593 
594 
597 
598 
600 
602 
604 
607 
608 
612 
613 
614 
619 
622 
623 
625 
631 
632 
635 
636 
640 
641 
644 
645 
649 
650 
658 
664 
669 
671 
672 
673 
674 
675 
676 
677 
679 
682 
683 
688 
691 
692 
697 
698 
699 
700 
701 
702 
704 
705 
711 
716 
719 
720 
724 
727 
733 
734 
735 
736 
737 
741 
742 
743 
746 
747 
750 
756 
757 
761 
765 
767 
768 
769 
773 
779 
780 
781 
784 
786 
787 
788 
789 
790 
794 
797 
798 
801 
803 
804 
807 
808 
810 
822 
823 
824 
828 
830 
831 
832 
835 
836 
837 
839 
843 
844 
855 
858 
861 
863 
869 
872 
874 
875 
877 
878 
881 
884 
886 
888 
890 
893 
898 
902 
904 
906 
908 
910 
911 
916 
919 
920 
921 
922 
927 
931 
932 
934 
935 
936 
940 
942 
943 
944 
950 
952 
955 
957 
959 
961 
962 
965 
967 
969 
971 
973 
976 
977 
980 
981 
990 
991 
993 
996 
999 
1000 
1002 
1003 
1004 
1006 
1008 
1009 
1012 
1017 
1019 
1022 
1023 
1025 
1027 
1028 
1033 
1034 
