2 
3 
5 
6 
8 
12 
13 
16 
17 
19 
23 
27 
34 
35 
41 
47 
49 
50 
56 
59 
60 
65 
69 
72 
73 
74 
78 
80 
81 
84 
85 
90 
94 
99 
101 
104 
106 
107 
108 
110 
111 
117 
119 
120 
121 
125 
133 
135 
142 
148 
154 
156 
159 
160 
165 
175 
177 
180 
181 
186 
187 
189 
191 
194 
195 
200 
201 
202 
205 
207 
216 
218 
223 
228 
233 
236 
238 
241 
242 
244 
248 
250 
255 
258 
259 
262 
265 
267 
268 
274 
281 
293 
298 
301 
304 
306 
309 
310 
311 
314 
329 
331 
335 
339 
340 
341 
345 
347 
349 
354 
358 
364 
366 
368 
370 
372 
374 
382 
383 
386 
388 
390 
403 
414 
415 
419 
422 
429 
430 
432 
433 
434 
436 
437 
446 
447 
452 
453 
464 
474 
479 
480 
481 
493 
494 
495 
502 
507 
509 
512 
516 
521 
523 
525 
528 
530 
531 
535 
537 
551 
552 
553 
554 
560 
574 
576 
577 
582 
584 
589 
590 
592 
593 
594 
598 
600 
602 
604 
608 
612 
613 
614 
619 
622 
623 
625 
632 
635 
636 
640 
641 
645 
650 
658 
664 
669 
671 
673 
674 
675 
676 
677 
679 
682 
683 
688 
692 
701 
702 
705 
711 
716 
719 
724 
727 
733 
734 
735 
736 
741 
742 
743 
747 
750 
756 
761 
765 
767 
768 
769 
773 
779 
781 
784 
786 
788 
794 
797 
798 
808 
810 
822 
823 
824 
830 
831 
832 
835 
836 
837 
839 
844 
855 
858 
861 
863 
872 
874 
875 
877 
878 
881 
884 
893 
898 
904 
906 
908 
910 
911 
916 
920 
921 
922 
931 
932 
934 
935 
936 
940 
943 
950 
955 
957 
961 
962 
965 
967 
969 
971 
976 
980 
981 
991 
993 
996 
1000 
1002 
1003 
1004 
1006 
1008 
1009 
1012 
1017 
1019 
1022 
1023 
1027 
1028 
1033 
1034 
