6 
17 
27 
34 
35 
41 
49 
60 
65 
78 
80 
85 
94 
99 
101 
104 
108 
119 
120 
135 
148 
154 
156 
165 
191 
195 
200 
201 
207 
236 
238 
242 
259 
281 
301 
310 
311 
314 
329 
341 
347 
349 
366 
374 
386 
415 
429 
432 
452 
453 
480 
507 
509 
512 
525 
553 
577 
584 
589 
593 
598 
602 
619 
632 
635 
636 
641 
645 
658 
669 
674 
677 
688 
692 
711 
716 
724 
741 
743 
747 
756 
767 
781 
786 
808 
822 
831 
836 
855 
875 
893 
906 
920 
922 
931 
940 
950 
961 
980 
1009 
1012 
1022 
1028 
1033 
