1 
5 
9 
13 
15 
18 
20 
21 
24 
25 
27 
37 
49 
52 
57 
59 
64 
66 
67 
79 
83 
85 
87 
93 
95 
97 
104 
106 
108 
109 
116 
117 
122 
124 
137 
139 
153 
154 
155 
161 
167 
173 
178 
181 
188 
199 
201 
203 
207 
208 
215 
226 
233 
234 
240 
243 
245 
246 
268 
272 
273 
277 
288 
289 
290 
302 
311 
312 
313 
323 
341 
342 
347 
353 
354 
355 
363 
368 
371 
386 
387 
391 
403 
405 
411 
414 
430 
432 
434 
444 
446 
470 
480 
483 
484 
492 
495 
497 
508 
511 
513 
515 
516 
526 
531 
539 
540 
549 
568 
571 
576 
581 
589 
591 
596 
603 
605 
608 
610 
613 
619 
621 
626 
632 
634 
641 
642 
657 
659 
677 
679 
681 
683 
684 
685 
688 
700 
707 
711 
713 
719 
724 
728 
729 
731 
735 
753 
761 
766 
768 
775 
777 
779 
785 
787 
791 
793 
794 
801 
808 
809 
813 
828 
842 
845 
847 
848 
852 
864 
867 
878 
889 
891 
895 
896 
897 
900 
908 
921 
936 
937 
942 
953 
954 
964 
966 
972 
973 
977 
978 
986 
990 
993 
994 
1003 
1014 
1015 
1018 
1020 
1024 
1034 
1036 
1038 
1040 
1045 
1048 
1051 
1053 
1055 
1057 
1058 
1060 
1067 
1072 
1073 
1074 
1076 
1084 
1087 
1089 
1092 
1094 
1100 
1102 
1105 
1109 
1115 
1124 
1130 
1146 
1152 
1161 
1164 
1165 
1167 
1171 
1177 
1180 
1183 
1184 
1185 
1186 
1191 
1192 
1196 
1202 
1203 
1208 
1218 
1231 
1239 
1244 
1245 
1247 
1250 
1253 
1254 
1258 
1260 
1261 
1262 
1277 
1290 
1292 
1294 
1297 
1303 
1309 
1317 
1318 
1323 
1324 
1325 
1327 
1334 
1339 
1345 
1348 
1351 
1352 
1358 
1362 
1374 
1377 
1379 
1383 
1393 
1394 
1396 
1399 
1401 
1404 
1409 
1424 
1430 
1433 
1444 
1446 
1447 
1448 
1453 
1455 
1456 
1458 
1462 
1465 
