1 
4 
5 
8 
9 
10 
13 
15 
18 
20 
21 
24 
25 
26 
27 
37 
49 
52 
56 
57 
59 
61 
64 
65 
66 
67 
71 
79 
82 
83 
85 
87 
90 
93 
95 
97 
102 
104 
106 
108 
109 
116 
117 
118 
122 
124 
137 
139 
142 
153 
154 
155 
161 
167 
173 
178 
181 
183 
188 
191 
197 
199 
200 
201 
203 
204 
206 
207 
208 
210 
215 
226 
231 
233 
234 
240 
243 
245 
246 
248 
252 
260 
268 
270 
272 
273 
277 
283 
288 
289 
290 
299 
302 
307 
308 
309 
311 
312 
313 
314 
318 
323 
329 
341 
342 
347 
350 
353 
354 
355 
363 
364 
368 
371 
380 
383 
386 
387 
391 
395 
403 
405 
406 
407 
411 
414 
428 
430 
432 
433 
434 
438 
439 
444 
446 
447 
451 
456 
468 
470 
477 
478 
480 
483 
484 
489 
492 
493 
495 
497 
498 
500 
508 
511 
512 
513 
514 
515 
516 
526 
528 
531 
538 
539 
540 
549 
554 
565 
567 
568 
571 
576 
579 
580 
581 
589 
591 
596 
602 
603 
604 
605 
607 
608 
610 
611 
613 
619 
621 
626 
631 
632 
634 
639 
641 
642 
654 
657 
659 
663 
664 
667 
668 
671 
677 
679 
680 
681 
683 
684 
685 
688 
698 
700 
701 
702 
707 
709 
711 
713 
719 
724 
728 
729 
731 
734 
735 
737 
753 
759 
761 
764 
766 
768 
775 
777 
778 
779 
781 
785 
787 
791 
793 
794 
799 
801 
808 
809 
811 
813 
820 
825 
828 
837 
842 
844 
845 
847 
848 
852 
855 
857 
861 
864 
867 
874 
876 
878 
889 
891 
895 
896 
897 
900 
908 
919 
921 
936 
937 
942 
953 
954 
955 
962 
964 
966 
972 
973 
977 
978 
986 
990 
992 
993 
994 
996 
1001 
1003 
1014 
1015 
1018 
1020 
1024 
1034 
1035 
1036 
1038 
1040 
1045 
1046 
1048 
1050 
1051 
1053 
1055 
1056 
1057 
1058 
1060 
1067 
1072 
1073 
1074 
1076 
1080 
1082 
1084 
1087 
1089 
1090 
1092 
1094 
1100 
1101 
1102 
1105 
1106 
1109 
1115 
1124 
1130 
1135 
1141 
1143 
1144 
1146 
1149 
1150 
1152 
1158 
1161 
1164 
1165 
1167 
1169 
1171 
1175 
1177 
1180 
1183 
1184 
1185 
1186 
1191 
1192 
1196 
1201 
1202 
1203 
1206 
1208 
1214 
1218 
1231 
1236 
1239 
1244 
1245 
1246 
1247 
1250 
1253 
1254 
1255 
1258 
1260 
1261 
1262 
1267 
1274 
1277 
1280 
1282 
1284 
1288 
1290 
1291 
1292 
1294 
1297 
1303 
1308 
1309 
1317 
1318 
1323 
1324 
1325 
1327 
1334 
1337 
1339 
1340 
1341 
1344 
1345 
1348 
1351 
1352 
1356 
1357 
1358 
1362 
1366 
1374 
1377 
1378 
1379 
1383 
1388 
1393 
1394 
1396 
1399 
1401 
1404 
1408 
1409 
1410 
1413 
1414 
1416 
1417 
1424 
1428 
1430 
1433 
1437 
1442 
1444 
1446 
1447 
1448 
1453 
1455 
1456 
1458 
1460 
1462 
1465 
