1 
2 
4 
5 
8 
9 
10 
12 
13 
15 
16 
18 
19 
20 
21 
23 
24 
25 
26 
27 
29 
31 
36 
37 
39 
43 
44 
46 
48 
49 
50 
52 
53 
56 
57 
59 
61 
63 
64 
65 
66 
67 
71 
73 
75 
79 
82 
83 
84 
85 
87 
88 
90 
92 
93 
94 
95 
97 
102 
104 
106 
108 
109 
110 
114 
116 
117 
118 
122 
124 
125 
126 
130 
132 
137 
138 
139 
141 
142 
144 
153 
154 
155 
158 
161 
167 
168 
169 
173 
177 
178 
179 
181 
183 
185 
188 
189 
191 
192 
197 
198 
199 
200 
201 
203 
204 
206 
207 
208 
209 
210 
215 
222 
225 
226 
231 
233 
234 
240 
243 
245 
246 
248 
251 
252 
253 
256 
257 
260 
262 
263 
264 
268 
270 
272 
273 
274 
275 
276 
277 
279 
282 
283 
285 
286 
287 
288 
289 
290 
293 
295 
297 
298 
299 
302 
305 
307 
308 
309 
311 
312 
313 
314 
315 
318 
323 
324 
327 
329 
330 
334 
339 
341 
342 
344 
347 
348 
350 
352 
353 
354 
355 
356 
359 
362 
363 
364 
368 
370 
371 
377 
380 
383 
385 
386 
387 
389 
391 
392 
393 
395 
403 
405 
406 
407 
411 
412 
414 
415 
416 
417 
420 
421 
428 
430 
431 
432 
433 
434 
436 
438 
439 
443 
444 
446 
447 
449 
451 
456 
458 
462 
466 
468 
470 
472 
476 
477 
478 
480 
481 
482 
483 
484 
486 
489 
492 
493 
495 
497 
498 
500 
501 
502 
503 
507 
508 
510 
511 
512 
513 
514 
515 
516 
524 
525 
526 
527 
528 
531 
533 
534 
535 
538 
539 
540 
543 
546 
549 
551 
553 
554 
561 
563 
565 
567 
568 
571 
572 
574 
576 
577 
579 
580 
581 
582 
583 
587 
588 
589 
591 
595 
596 
598 
601 
602 
603 
604 
605 
606 
607 
608 
610 
611 
612 
613 
615 
617 
618 
619 
620 
621 
622 
624 
626 
627 
628 
629 
630 
631 
632 
633 
634 
637 
639 
641 
642 
644 
654 
656 
657 
658 
659 
662 
663 
664 
667 
668 
671 
676 
677 
679 
680 
681 
683 
684 
685 
686 
687 
688 
693 
698 
700 
701 
702 
707 
709 
711 
712 
713 
714 
718 
719 
724 
728 
729 
731 
733 
734 
735 
737 
741 
747 
753 
759 
760 
761 
764 
765 
766 
768 
771 
774 
775 
776 
777 
778 
779 
781 
782 
785 
787 
788 
791 
793 
794 
795 
799 
800 
801 
803 
806 
808 
809 
810 
811 
813 
814 
815 
819 
820 
821 
825 
828 
830 
833 
837 
842 
844 
845 
847 
848 
850 
852 
855 
857 
861 
864 
867 
868 
874 
875 
876 
878 
889 
890 
891 
895 
896 
897 
900 
901 
906 
908 
910 
914 
915 
917 
919 
920 
921 
927 
928 
935 
936 
937 
940 
941 
942 
943 
945 
949 
952 
953 
954 
955 
957 
958 
959 
961 
962 
964 
966 
972 
973 
974 
976 
977 
978 
981 
984 
985 
986 
987 
990 
992 
993 
994 
995 
996 
997 
1000 
1001 
1003 
1005 
1006 
1012 
1014 
1015 
1016 
1018 
1020 
1024 
1027 
1029 
1031 
1033 
1034 
1035 
1036 
1038 
1039 
1040 
1045 
1046 
1048 
1050 
1051 
1053 
1055 
1056 
1057 
1058 
1059 
1060 
1066 
1067 
1070 
1071 
1072 
1073 
1074 
1076 
1079 
1080 
1082 
1083 
1084 
1085 
1086 
1087 
1089 
1090 
1092 
1094 
1100 
1101 
1102 
1104 
1105 
1106 
1109 
1110 
1113 
1115 
1118 
1119 
1120 
1124 
1126 
1129 
1130 
1135 
1136 
1137 
1141 
1143 
1144 
1146 
1149 
1150 
1151 
1152 
1154 
1156 
1157 
1158 
1160 
1161 
1163 
1164 
1165 
1167 
1169 
1171 
1172 
1173 
1175 
1176 
1177 
1180 
1183 
1184 
1185 
1186 
1191 
1192 
1194 
1196 
1198 
1200 
1201 
1202 
1203 
1206 
1208 
1210 
1211 
1212 
1214 
1215 
1218 
1219 
1229 
1231 
1235 
1236 
1237 
1238 
1239 
1244 
1245 
1246 
1247 
1249 
1250 
1252 
1253 
1254 
1255 
1258 
1260 
1261 
1262 
1267 
1268 
1269 
1272 
1274 
1275 
1277 
1278 
1279 
1280 
1281 
1282 
1283 
1284 
1287 
1288 
1289 
1290 
1291 
1292 
1294 
1295 
1296 
1297 
1299 
1302 
1303 
1304 
1306 
1308 
1309 
1310 
1314 
1315 
1316 
1317 
1318 
1320 
1323 
1324 
1325 
1327 
1328 
1332 
1333 
1334 
1335 
1337 
1338 
1339 
1340 
1341 
1344 
1345 
1346 
1348 
1351 
1352 
1355 
1356 
1357 
1358 
1361 
1362 
1363 
1364 
1366 
1374 
1377 
1378 
1379 
1380 
1381 
1382 
1383 
1386 
1388 
1391 
1393 
1394 
1395 
1396 
1399 
1400 
1401 
1402 
1403 
1404 
1408 
1409 
1410 
1411 
1413 
1414 
1416 
1417 
1419 
1420 
1424 
1425 
1427 
1428 
1429 
1430 
1433 
1437 
1439 
1441 
1442 
1444 
1446 
1447 
1448 
1453 
1454 
1455 
1456 
1458 
1460 
1462 
1464 
1465 
1466 
1467 
