1 
5 
13 
24 
27 
37 
59 
67 
83 
87 
95 
97 
104 
106 
108 
116 
117 
124 
137 
154 
161 
167 
178 
199 
203 
208 
215 
234 
245 
272 
273 
290 
302 
311 
347 
355 
368 
386 
387 
403 
405 
414 
434 
444 
446 
470 
480 
508 
516 
526 
531 
539 
549 
568 
571 
589 
591 
605 
608 
610 
619 
621 
641 
642 
657 
659 
677 
679 
681 
685 
688 
719 
735 
753 
761 
768 
775 
777 
785 
787 
793 
808 
845 
848 
864 
867 
878 
891 
897 
908 
921 
936 
953 
990 
1003 
1015 
1034 
1040 
1053 
1057 
1060 
1067 
1072 
1073 
1076 
1084 
1087 
1092 
1094 
1102 
1105 
1109 
1115 
1124 
1146 
1152 
1165 
1167 
1202 
1208 
1218 
1239 
1245 
1247 
1253 
1254 
1258 
1260 
1290 
1297 
1317 
1318 
1325 
1334 
1339 
1348 
1352 
1358 
1362 
1374 
1393 
1409 
1424 
1430 
1444 
1446 
1447 
1448 
1453 
1455 
1456 
1462 
1465 
