1 
5 
13 
18 
20 
21 
24 
25 
27 
37 
57 
59 
66 
67 
79 
83 
87 
95 
97 
104 
106 
108 
116 
117 
122 
124 
137 
139 
154 
155 
161 
167 
178 
181 
199 
201 
203 
207 
208 
215 
226 
234 
240 
243 
245 
268 
272 
273 
277 
290 
302 
311 
312 
313 
341 
347 
354 
355 
363 
368 
371 
386 
387 
403 
405 
411 
414 
432 
434 
444 
446 
470 
480 
483 
484 
492 
495 
508 
511 
516 
526 
531 
539 
549 
568 
571 
589 
591 
596 
603 
605 
608 
610 
619 
621 
626 
632 
634 
641 
642 
657 
659 
677 
679 
681 
683 
684 
685 
688 
711 
719 
724 
728 
731 
735 
753 
761 
768 
775 
777 
779 
785 
787 
791 
793 
794 
801 
808 
828 
842 
845 
848 
852 
864 
867 
878 
891 
897 
900 
908 
921 
936 
953 
964 
973 
990 
994 
1003 
1014 
1015 
1018 
1034 
1036 
1040 
1053 
1057 
1060 
1067 
1072 
1073 
1074 
1076 
1084 
1087 
1092 
1094 
1102 
1105 
1109 
1115 
1124 
1146 
1152 
1161 
1165 
1167 
1177 
1180 
1196 
1203 
1206 
1210 
1219 
1244 
1245 
1246 
1249 
1252 
1254 
1255 
1260 
1261 
1267 
1278 
1291 
1294 
1299 
1304 
1310 
1318 
1320 
1324 
1325 
1327 
1328 
1335 
1340 
1346 
1351 
1355 
1361 
1363 
1377 
1378 
1380 
1393 
1409 
1424 
1430 
1433 
1444 
1446 
1447 
1448 
1453 
1455 
1456 
1458 
1462 
1465 
