1 
5 
8 
9 
13 
15 
18 
20 
21 
24 
25 
27 
37 
49 
52 
56 
57 
59 
64 
65 
66 
67 
71 
79 
83 
85 
87 
90 
93 
95 
97 
104 
106 
108 
109 
116 
117 
118 
122 
124 
137 
139 
142 
153 
154 
155 
161 
167 
173 
178 
181 
188 
191 
197 
199 
200 
201 
203 
207 
208 
210 
215 
226 
233 
234 
240 
243 
245 
246 
252 
260 
268 
270 
272 
273 
277 
288 
289 
290 
299 
302 
307 
308 
311 
312 
313 
314 
323 
341 
342 
347 
350 
353 
354 
355 
363 
364 
368 
371 
380 
383 
386 
387 
391 
395 
403 
405 
411 
414 
430 
432 
434 
438 
444 
446 
470 
477 
480 
483 
484 
492 
495 
497 
500 
508 
511 
513 
514 
515 
516 
526 
531 
538 
539 
540 
549 
554 
568 
571 
576 
581 
589 
591 
596 
602 
603 
604 
605 
607 
608 
610 
611 
613 
619 
621 
626 
632 
634 
639 
641 
642 
657 
659 
667 
668 
671 
677 
679 
681 
683 
684 
685 
688 
700 
702 
707 
711 
713 
719 
724 
728 
729 
731 
735 
737 
753 
761 
764 
766 
768 
775 
777 
779 
785 
787 
791 
793 
794 
801 
808 
809 
811 
813 
820 
825 
828 
842 
844 
845 
847 
848 
852 
855 
857 
864 
867 
874 
878 
889 
891 
895 
896 
897 
900 
908 
921 
936 
937 
942 
953 
954 
955 
964 
966 
972 
973 
977 
978 
986 
990 
993 
994 
996 
1001 
1003 
1014 
1015 
1018 
1020 
1024 
1034 
1035 
1036 
1038 
1040 
1045 
1046 
1048 
1050 
1051 
1053 
1055 
1056 
1057 
1058 
1060 
1067 
1072 
1073 
1074 
1076 
1080 
1084 
1087 
1089 
1090 
1092 
1094 
1100 
1102 
1105 
1109 
1115 
1124 
1130 
1141 
1144 
1146 
1149 
1152 
1158 
1161 
1164 
1165 
1167 
1171 
1177 
1180 
1183 
1184 
1185 
1186 
1191 
1192 
1196 
1203 
1206 
1210 
1219 
1235 
1237 
1244 
1245 
1246 
1249 
1252 
1254 
1255 
1260 
1261 
1262 
1267 
1275 
1278 
1281 
1289 
1291 
1292 
1294 
1295 
1299 
1304 
1310 
1318 
1320 
1324 
1325 
1327 
1328 
1335 
1338 
1340 
1341 
1344 
1345 
1346 
1351 
1352 
1355 
1358 
1361 
1363 
1374 
1377 
1378 
1380 
1386 
1390 
1393 
1394 
1396 
1399 
1401 
1404 
1408 
1409 
1413 
1416 
1424 
1428 
1430 
1433 
1437 
1444 
1446 
1447 
1448 
1453 
1455 
1456 
1458 
1462 
1465 
